1813
85
1448
2445
2146
4190
1946
735
4466
869
4029
2736
3617
1943
2229
2023
3447
4428
3391
968
702
2914
1238
3947
3850
2158
4468
4924
10
2307
1985
3046
1971
2297
2799
547
2823
2814
1022
612
1256
2993
4896
1896
199
1356
833
3195
614
55
181
3129
370
548
4039
2047
4405
2869
1339
1869
4553
1156
2745
3531
2223
4011
4706
4038
2755
4370
2441
2237
4898
129
3375
4988
3694
4856
75
1065
1174
4560
3199
2347
2475
4219
4994
1333
3137
1356
1335
730
3932
3606
1808
705
3679
683
4775
3785
4512
4088
3703
3004
2442
3418
2394
2572
3811
604
2307
1854
3812
3865
1070
1031
901
4979
4266
3599
164
186
289
2873
4358
215
3678
2884
353
4073
3533
4963
1526
498
2447
4077
1811
1866
3592
1795
3663
132
1209
3835
2818
4608
1850
468
4011
2147
4906
1333
1985
1904
1669
3446
3082
2801
347
4141
4209
3797
2191
3398
2909
4245
4266
2400
1287
2201
4204
2444
3273
1152
961
4639
531
2389
2448
403
4330
2033
1655
336
3623
1248
997
1839
2832
2527
2912
2287
2428
1305
4375
2091
3053
3737
490
2827
2088
2281
2893
4259
4405
551
1937
219
746
4840
1329
1869
4708
864
891
3373
257
2398
28
2190
4365
233
4591
3466
4509
3388
1483
1902
422
1865
2430
200
3631
2747
3125
124
2170
4414
2467
2480
684
911
2096
2844
2113
1495
3481
2180
1462
1506
3206
812
852
396
923
3285
1056
1122
1358
4553
4503
2219
0
3647
1140
3726
4372
4780
3079
2767
2273
2564
2564
1186
1542
3720
2940
4587
2736
2345
3837
538
1527
1620
3956
3804
4322
1932
3429
1986
3979
4605
3562
4811
1258
1556
1654
3686
4351
4260
1105
4570
3838
810
4501
798
4440
3944
1727
881
69
2990
2575
4786
3892
815
3283
3424
2125
4322
4661
1134
2596
1239
2531
97
2276
1589
1075
1878
197
3035
3843
3487
2530
1247
3694
3940
2971
1837
1898
733
1285
4540
4636
2627
4111
2101
1820
623
2410
3709
144
2423
2192
1041
714
3678
1960
660
890
3536
474
3752
4900
697
1746
4021
1572
1778
1167
1008
2081
3199
2579
541
1622
654
1693
862
4676
3770
3887
3549
2470
1271
3308
4928
2667
138
1093
215
3022
1374
3531
316
3409
3019
4262
773
3912
1537
1758
126
224
4660
1727
1112
3181
102
2796
1840
3996
3825
834
887
2681
3251
3694
3140
4994
4007
4129
429
338
4116
818
2184
798
642
1062
124
2948
3614
547
4271
4496
880
2461
3596
3882
4476
907
186
86
1534
4223
1026
3074
249
1423
1602
2987
4294
1219
4667
1017
867
1433
339
1904
4030
2627
2466
4441
4050
2927
1538
475
222
385
222
2023
1228
4188
492
3411
3015
895
1325
1422
4813
3088
4203
1508
4921
563
4285
2323
525
2880
3918
4971
2394
3841
4155
4450
1536
381
4912
4123
1835
443
2763
4087
4771
4445
2236
3928
4177
1319
3349
4649
3237
2094
705
124
3959
2690
598
4582
1829
2476
275
914
699
491
489
4358
4244
1133
52
4680
1309
1859
3207
1973
424
772
3709
533
2694
1152
960
180
1446
3143
1178
2471
1802
1741
2748
4543
4850
1727
1085
1815
3592
2217
4395
1873
3817
4130
574
2581
1572
2140
3798
4560
4073
4689
3639
2376
2470
555
4180
3561
3211
869
3019
4425
1154
4156
4620
167
3286
3667
1538
4113
1492
2066
2910
1789
4042
1106
217
3762
3427
3465
3936
517
2544
998
1035
1065
1425
1109
3464
2926
1272
4654
834
1657
3770
4244
4970
1291
2995
142
4889
3730
4892
3312
2021
2351
1207
570
1475
2968
2505
3369
1452
565
2282
54
3380
3280
2524
4143
1160
3045
956
2246
1944
4273
649
1466
4693
941
947
2409
2757
2939
3234
4167
3318
4084
1999
87
684
923
4898
2609
1503
311
1125
3049
1847
2782
107
1335
2552
2088
882
3775
2057
2933
4081
3654
4987
730
2313
1693
2245
1103
1873
216
4662
3417
3298
3228
741
2359
1957
2567
4206
4384
876
382
2696
4542
1135
4446
2708
1227
3172
4859
718
4543
3725
62
2745
1715
4877
3954
2679
2870
345
4175
4235
1719
876
3967
2264
1050
2845
3468
4537
250
846
903
1805
4699
2076
2433
207
2359
4008
3636
817
225
1167
1985
1119
4647
4525
1726
4546
4453
8
1737
4444
909
1437
860
2539
2389
783
2926
2274
3605
3401
1549
4937
635
3227
3839
2828
2112
1692
4352
355
134
4417
635
775
2338
2173
4160
3814
4926
1011
286
457
1681
895
2477
2187
1166
1558
1682
528
3395
3208
4311
4968
3663
3879
1920
500
2543
3416
2822
46
3075
3402
397
817
3141
4893
4426
1243
884
2669
3074
3472
4799
2481
2190
3908
2925
3635
4458
2179
1388
1553
3976
3434
4990
4766
3549
3010
57
4837
3934
4815
4250
3389
386
1657
1954
4715
4946
1832
1795
950
971
1060
2662
1250
1129
2581
1843
354
3953
2153
4925
2721
3218
2693
4663
3791
633
3773
1908
2914
889
939
109
1588
2665
2297
392
3222
2663
3163
4756
3453
3758
1253
959
1674
2558
3544
4270
2113
2307
2805
4711
4809
2702
3422
2404
3976
2751
3974
1922
2403
2528
2839
3757
2072
1557
4628
1158
4190
2064
3470
3329
3526
640
4565
2832
1066
2630
4212
2798
2230
2861
615
2263
1640
1504
455
4509
4401
331
1136
3776
4016
453
2088
4611
1620
4338
724
1356
3149
4144
4235
2444
1975
1321
759
2597
784
2716
4523
3681
2395
4889
2283
1284
2069
4461
2303
3242
722
196
49
396
2473
493
3467
4280
1144
146
2886
3959
4732
2233
4370
2770
440
3791
3023
2867
2406
2376
3477
2650
4790
2445
776
1172
2817
4018
2362
3425
2452
162
3388
2065
3800
2533
972
3954
3544
2195
3753
